0.50000000  0.00000000  0.00000000       0
0.47727273  0.00000000  0.00000000       0
0.45454545  0.00000000  0.00000000       0
0.43181818  0.00000000  0.00000000       0
0.40909091  0.00000000  0.00000000       0
0.38636364  0.00000000  0.00000000       0
0.36363636  0.00000000  0.00000000       0
0.34090909  0.00000000  0.00000000       0
0.31818182  0.00000000  0.00000000       0
0.29545455  0.00000000  0.00000000       0
0.27272727  0.00000000  0.00000000       0
0.25000000  0.00000000  0.00000000       0
0.22727273  0.00000000  0.00000000       0
0.20454545  0.00000000  0.00000000       0
0.18181818  0.00000000  0.00000000       0
0.15909091  0.00000000  0.00000000       0
0.13636364  0.00000000  0.00000000       0
0.11363636  0.00000000  0.00000000       0
0.09090909  0.00000000  0.00000000       0
0.06818182  0.00000000  0.00000000       0
0.04545455  0.00000000  0.00000000       0
0.02272727  0.00000000  0.00000000       0
0.00000000  0.00000000  0.00000000       0
0.01515151  0.00757576  0.00000000       0
0.04545454  0.02272727  0.00000000       0
0.07575757  0.03787878  0.00000000       0
0.10606060  0.05303030  0.00000000       0
0.13636363  0.06818181  0.00000000       0
0.16666666  0.08333332  0.00000000       0
0.19696970  0.09848484  0.00000000       0
0.22727272  0.11363635  0.00000000       0
0.25757575  0.12878787  0.00000000       0
0.28787878  0.14393938  0.00000000       0
0.31818181  0.15909089  0.00000000       0
0.34848484  0.17424241  0.00000000       0
0.37878787  0.18939392  0.00000000       0
0.40909090  0.20454543  0.00000000       0
0.43939393  0.21969695  0.00000000       0
0.46969696  0.23484846  0.00000000       0
0.49999999  0.24999997  0.00000000       0
0.53030302  0.26515149  0.00000000       0
0.56060605  0.28030300  0.00000000       0
0.59090908  0.29545452  0.00000000       0
0.62121211  0.31060603  0.00000000       0
0.65151514  0.32575754  0.00000000       0
0.66666666  0.33333330  0.00000000       0
0.65909090  0.31818179  0.00000000       0
0.65151515  0.30303027  0.00000000       0
0.64393939  0.28787876  0.00000000       0
0.63636363  0.27272725  0.00000000       0
0.62878787  0.25757573  0.00000000       0
0.62121212  0.24242422  0.00000000       0
0.61363636  0.22727270  0.00000000       0
0.60606060  0.21212119  0.00000000       0
0.59848484  0.19696968  0.00000000       0
0.59090909  0.18181816  0.00000000       0
0.58333333  0.16666665  0.00000000       0
0.57575757  0.15151514  0.00000000       0
0.56818182  0.13636362  0.00000000       0
0.56060606  0.12121211  0.00000000       0
0.55303030  0.10606060  0.00000000       0
0.54545454  0.09090908  0.00000000       0
0.53787879  0.07575757  0.00000000       0
0.53030303  0.06060605  0.00000000       0
0.52272727  0.04545454  0.00000000       0
0.51515151  0.03030303  0.00000000       0
0.50757576  0.01515151  0.00000000       0
0.50000000  0.00000000  0.00000000       0